1280 960 big_video 30 
1233.000000 1233.000000 1190.000000 1190.000000 242.771930 259.633333 261.066667 244.205263
1119.019935 1121.184776 1072.955096 1071.129370 214.950733 230.104619 228.898877 216.118796
255.000000 295.000000 295.000000 255.000000 115.266667 113.933333 123.466667 126.133333
309.985112 310.967864 265.318555 264.222809 116.801489 126.629017 132.335181 121.377719
335.000000 335.000000 288.000000 288.000000 122.714286 135.411765 138.176471 127.190476
356.816098 358.103280 301.987629 300.912204 129.840996 144.000000 144.000000 132.170325
413.718565 415.886706 350.403992 348.193523 146.690120 162.951173 168.729060 152.150540
455.784616 457.195140 383.060975 382.070872 160.084794 178.421602 181.069251 165.227614
484.890619 486.003177 405.161714 404.062082 167.156250 184.957176 191.837301 173.143549
441.000000 529.000000 529.000000 441.000000 185.117647 179.941176 198.945455 205.345455
555.721530 559.944506 465.298394 461.211620 185.494857 206.609734 214.789028 194.355161
585.582259 588.010358 489.945313 486.575665 192.672966 216.953957 222.525834 200.061518
601.000000 601.000000 501.104213 499.914081 196.942029 220.666667 229.259853 204.267096
610.865326 612.076742 512.355223 510.009155 201.231575 225.459884 235.215250 208.235475
612.654090 615.221580 513.482198 510.026531 200.556394 224.947553 233.891675 207.398231
615.127691 617.513692 513.271915 510.947665 198.914103 225.160112 234.127147 208.560401
613.920222 615.107184 513.328262 511.184710 202.405319 224.957610 233.905208 209.254353
613.790160 615.146067 513.234167 510.942609 199.934153 225.696377 233.711919 208.504783
514.079261 614.107167 612.942629 512.818319 206.188117 201.931610 225.222380 233.928842
615.021915 618.207601 513.499905 509.986857 201.402856 224.764556 233.869573 208.107222
615.025117 618.231114 513.511624 509.978228 201.338822 224.849468 233.955511 208.043943
615.072618 618.449168 513.468331 510.417808 198.769709 224.656594 233.785363 210.398021
614.054666 617.172080 513.488186 509.787602 201.906606 224.767645 233.783636 206.646018
614.976521 616.962016 513.333980 511.191628 202.126630 224.959825 233.970958 209.333915
614.985014 617.961060 513.490761 510.278227 202.056596 224.872951 233.957325 209.327901
615.024052 618.099043 513.490761 510.166076 201.286024 224.860953 233.957325 208.468077
613.806230 617.241542 513.508790 510.052299 199.819192 225.011480 233.934728 208.587130
614.990030 617.355607 513.265493 510.949402 200.028217 226.049569 234.056501 208.579501
614.980978 616.967317 513.326475 511.192035 202.029509 224.872407 233.884654 209.338589
613.990621 616.310620 513.255465 510.948007 200.320750 225.840738 233.946199 208.564159
615.019726 617.079474 513.333980 511.117199 201.262519 224.949611 233.970958 208.477972
613.873734 615.106639 513.232667 511.029633 201.522045 224.947249 233.805855 208.470971
613.869080 615.111195 513.240171 511.030191 201.433625 225.033809 233.892159 208.477384
615.015629 616.114410 513.162326 511.968653 201.355094 224.429502 233.480235 208.413106
615.015056 616.047501 512.126209 511.014749 201.377361 225.123617 233.967982 208.404409
613.999747 617.315110 513.511624 509.937329 200.616456 224.929121 233.955511 207.744019
613.842790 614.996686 513.178481 511.882827 200.627206 224.859020 234.819496 207.610765
614.093433 615.058775 512.117548 510.966206 201.954440 225.122657 233.883613 206.251408
512.000000 615.035012 613.835159 512.000000 209.150943 201.374716 225.371776 233.947368
614.937869 617.902807 513.479546 510.278227 202.059870 224.791060 233.871344 209.327901
615.941187 618.925074 513.488046 510.278227 201.990195 224.866660 233.936512 209.327901
614.974560 616.887110 513.243234 511.172190 202.177395 225.127991 234.043593 209.191068
615.021289 617.001949 513.243234 510.987406 201.350201 225.118112 234.043593 206.973654
614.980005 616.985448 513.253264 511.099191 202.056944 225.119531 234.042730 209.270889
614.010946 612.895125 513.000000 513.000000 202.841529 226.273767 233.712766 208.157895
614.980753 617.933328 513.479546 510.277646 202.152003 224.788406 233.871344 209.323449
613.889623 616.913365 513.452451 510.167804 201.520971 225.710913 234.806378 208.529202
612.804562 614.043095 513.228473 510.945595 198.016287 222.786947 232.757624 206.504534
613.881370 615.059874 513.252272 510.918469 200.667147 223.058722 232.911070 207.239247
611.816476 613.219094 512.338101 510.044468 198.434155 225.083891 233.018352 206.641575
611.000000 611.000000 513.179665 512.049869 200.779661 224.792453 234.020786 209.165265
615.034126 616.199526 513.099563 511.910694 199.942075 225.580886 233.258543 207.103424
614.014552 616.127457 513.217657 510.905060 200.386158 224.684569 233.633247 207.038383
613.117092 615.432275 513.241266 510.878813 199.285508 224.752518 232.790013 206.803028
613.904922 616.931165 512.801045 509.682993 200.980682 224.181876 233.336172 209.431109
610.995735 614.384862 512.489763 509.053311 198.861083 224.844386 232.949678 206.603546
612.832609 614.076374 513.206221 510.953246 198.413391 224.532461 233.599441 206.563740
612.990238 614.921348 513.190023 510.944418 198.217008 220.424777 232.315452 206.490993
612.996843 615.002803 513.236999 510.849311 199.722398 222.790932 232.855681 205.397261
612.856867 614.181991 513.102766 511.911251 200.201584 225.378944 233.328996 207.115668
613.840682 616.815241 512.710762 509.236955 199.645022 222.449974 233.644004 207.011482
614.002225 616.085378 512.476569 510.192369 200.645018 224.601271 233.610733 207.342428
614.000000 614.000000 513.106996 511.870418 200.842105 225.827957 233.422054 206.217346
612.834410 614.121378 512.373138 510.141988 198.613247 224.352602 233.602442 206.828641
613.823383 615.121181 513.198786 510.967300 198.392699 224.348658 233.510221 206.732381
612.993246 615.125468 513.211620 510.916718 200.083802 224.604354 233.563814 207.172450
612.993492 615.116355 513.211620 510.917698 200.192227 224.605156 233.563814 207.183719
615.217216 617.263959 512.382760 510.282807 200.874280 224.411830 233.531934 209.382475
612.876726 614.084147 512.384213 510.083582 200.459566 224.607987 233.548641 207.091382
612.987269 615.156702 512.333212 510.279504 199.834512 224.782990 232.962131 209.344490
613.992937 616.134356 513.287155 510.910289 199.786219 223.341836 233.294791 207.149265
612.818870 615.993594 512.603213 509.176227 198.254490 222.594040 232.819462 206.545902
612.990351 615.288871 512.419571 510.130819 198.339488 224.772476 232.955261 206.634611
612.993767 614.970396 513.201658 511.011758 200.467082 224.186630 233.544675 207.265883
612.891542 614.057272 512.424576 510.018836 199.755894 223.070484 233.012813 205.346802
612.992657 615.112112 513.252272 510.909176 199.739663 223.053667 232.911070 207.137016
612.863698 614.138143 513.221564 510.888576 200.331374 224.545830 232.573285 206.910414
612.993648 616.155419 512.549949 509.240144 198.873520 224.167689 233.586368 207.107925
612.992937 615.290246 513.248366 510.884483 199.571933 224.842340 232.868106 206.865394
612.997588 615.356590 512.384817 510.025816 200.153970 228.461988 233.742591 205.434574
612.838982 614.046971 512.399030 510.123426 198.704694 222.864460 233.913149 206.605890
612.893990 614.234629 513.102542 511.886591 199.906924 225.379064 233.423661 205.456781
613.996826 616.035574 513.207725 510.857096 199.804520 224.269493 233.617480 205.409940
611.717139 614.240339 513.417260 510.081638 199.021759 224.253762 233.524850 206.839874
612.832058 615.822758 512.577241 509.204607 198.533435 222.459038 233.804699 206.823631
615.514722 617.538422 513.245328 510.901162 200.371401 222.632111 232.834696 207.048862
614.792252 614.792252 512.000000 512.000000 199.787646 222.811755 232.978022 205.255319
612.936225 615.735922 512.598979 509.265588 200.491038 222.888611 233.978604 207.311474
509.308640 611.865154 614.194282 512.015197 207.308642 200.561503 222.688219 233.020935
613.854946 615.006902 512.507573 510.182024 200.023962 223.063095 233.967279 207.223471
611.992657 614.289443 513.243102 510.881689 199.507778 224.772431 232.810208 206.834660
613.996826 616.072922 513.210586 510.848079 199.695825 224.608974 233.651817 205.301735
612.819345 614.130129 513.206221 510.953877 198.311945 224.527629 233.599441 206.571307
612.987703 615.056860 513.250942 511.035827 199.273845 223.069155 234.016028 208.542198
612.987703 615.056860 513.250942 511.035827 199.273845 223.069155 234.016028 208.542198
610.915953 614.040147 513.422296 510.005337 200.228059 224.180216 233.432433 207.235741
613.000165 616.070855 513.408479 509.987317 200.451602 223.993559 233.326502 207.097592
612.998741 615.438228 513.246177 510.806689 200.900063 227.734429 232.844032 206.009666
613.000000 613.000000 512.000000 512.000000 200.106383 224.130435 232.913043 204.404255
612.834410 614.046971 513.224883 510.969803 198.613247 222.864460 233.823382 206.762416
612.891716 614.273164 512.000000 512.000000 199.759358 227.388332 232.992341 205.287671
612.992937 615.126156 512.443174 510.065128 199.500505 222.965920 233.010994 206.852491
614.000000 614.000000 513.104249 511.902408 200.404255 225.684783 233.361633 206.921123
612.802009 616.701080 512.756126 508.335138 198.968094 222.362519 233.785041 207.259116
612.880729 614.148610 512.412991 510.014791 199.769853 222.591714 232.879585 205.300280
612.860390 614.007471 512.423244 510.090582 200.132850 223.074465 233.997501 207.171878
613.993246 615.980029 513.241679 510.916718 200.014358 222.862363 233.909497 207.172450
612.819345 614.046971 512.399030 510.126136 198.311945 222.864460 233.913149 206.638421
612.834410 614.046971 513.224883 510.969803 198.613247 222.864460 233.823382 206.762416
612.862612 614.200255 513.214652 510.909796 200.443743 224.521325 233.598683 207.092839
612.992993 615.136346 513.219206 510.921797 200.042747 224.691310 233.651059 207.230859
612.982504 615.153056 512.510799 510.457687 198.001944 222.963288 233.004378 209.393590
612.993246 615.133054 513.219206 510.916718 200.083802 224.691600 233.651059 207.172450
612.901413 614.080353 512.394972 510.283260 200.953309 224.532103 233.672362 209.387677
614.967011 616.827690 513.223264 511.011758 200.335533 222.663689 233.803950 207.265883
613.003586 616.648953 512.916291 509.270924 199.894548 229.057484 234.517097 205.354162
613.990462 615.993184 513.223264 510.986359 198.720763 222.753421 233.803950 206.961091
614.000000 614.000000 513.110950 511.929547 197.491228 223.957447 233.617037 206.444777
512.000000 612.893225 614.176648 512.000000 205.243243 199.789555 225.458016 233.494382
614.070353 617.097642 512.590791 509.190934 198.210512 222.428830 233.913100 206.714249
612.827420 614.125903 512.380657 510.139559 198.473452 224.443100 233.692668 206.799495
612.865517 615.805622 512.741019 509.265250 200.132499 222.673302 233.875976 207.228408
614.002780 617.525531 513.431537 509.908785 199.753272 227.935286 233.639067 205.457053
613.994553 617.030484 512.598979 509.167352 198.461957 222.749410 233.978604 206.525588
613.997253 616.360404 512.466335 510.103184 199.894881 228.252696 233.720805 205.362990
613.823930 615.146067 512.404088 510.151864 199.575780 224.696377 232.777207 206.876629
613.910309 615.066330 512.439400 510.191628 200.131229 223.251645 233.183284 207.333915
613.989657 615.922286 513.250942 511.103869 200.750862 222.976098 234.016028 209.324678
612.994471 614.858772 512.399030 510.153678 200.404608 222.776220 233.913149 206.968914
613.823914 615.046508 513.223264 510.941281 198.403331 222.855214 233.803950 206.420160
613.830383 615.125655 513.206221 510.952034 198.532697 224.438143 233.599441 206.549192
612.577991 614.991146 512.399030 510.124077 198.630286 222.761832 233.913149 206.613708
612.824450 614.046971 512.399030 510.125432 198.414044 222.864460 233.913149 206.629965
612.832609 614.084156 513.203313 510.953246 198.413391 224.695898 233.564544 206.563740
615.333338 617.395679 513.376041 511.115599 199.744588 224.492688 233.637271 206.511974
613.993246 616.048179 512.306125 510.191628 202.125469 225.757204 233.650621 209.333915
613.918863 615.039488 512.299552 510.191233 202.224735 225.757865 233.575034 209.329368
513.076955 614.211549 613.079747 511.815370 206.312549 202.054251 225.822086 232.805837
613.992189 616.064929 513.319473 511.193325 201.794692 225.631199 233.804133 209.353432
615.199597 617.213030 513.335849 511.193325 201.705912 224.860393 233.992453 209.353432
614.102302 615.074686 512.245621 511.085405 201.774640 225.111855 233.957366 206.112193
613.997253 615.866714 511.311702 509.076983 202.526460 224.959996 234.865207 208.048580
612.795122 614.154914 512.324201 510.038132 200.228920 224.705176 233.858499 207.568705
613.992732 615.994266 512.411037 510.278873 201.929091 224.946730 233.857115 209.337223
613.976521 615.954511 512.326475 510.191628 202.126630 224.873521 233.884654 209.333915
613.921322 615.147077 513.209152 511.095907 202.426229 225.715577 232.436759 209.191059
613.905556 616.972310 513.443997 510.278824 202.034820 225.546598 233.598800 209.332477
613.992993 616.038114 512.397296 510.278462 202.028662 225.547564 233.699089 209.332503
612.992585 615.344230 513.251604 510.861273 199.182357 225.050444 232.903723 206.610089
613.915612 615.043533 512.384572 510.343803 202.156465 225.842805 233.739648 209.250424
614.941538 617.038432 512.496881 510.365292 201.861319 225.975602 233.844321 209.331051
615.075811 617.355092 513.267065 510.941378 200.047907 225.119992 234.073801 208.491240
613.201903 613.201903 512.000000 512.000000 201.854657 225.037195 233.934066 206.115789
607.984701 610.141336 508.631599 506.507011 199.052851 223.854154 233.893578 209.460819
589.844933 591.004549 491.821710 490.786142 194.823713 218.016021 226.145761 203.363264
479.000000 574.000000 574.000000 479.000000 196.000000 192.935484 213.523810 221.063492
547.197368 547.197368 456.000000 456.000000 183.047214 204.780913 211.373494 188.411765
526.020343 530.103688 440.179011 436.046324 178.855690 198.251579 204.912666 185.282405
410.602054 494.882818 495.921646 411.720860 177.581631 169.919744 187.579824 196.601336
471.000000 471.000000 391.000000 391.000000 166.162162 185.216216 189.540541 170.486486
439.865962 441.118061 365.195809 362.989430 161.889544 180.671030 182.840238 164.086016
422.994740 424.194776 351.164228 349.886330 156.030165 174.030699 179.563316 160.394846
331.000000 400.000000 400.000000 331.000000 154.348837 149.534884 168.000000 170.029412
386.991163 388.281308 321.382248 320.320601 146.154526 162.926409 165.084444 151.283031
311.008584 371.000000 371.000000 311.008584 143.266094 139.266667 153.722222 157.055079
365.506999 367.963487 308.368262 306.011463 134.793706 149.532634 154.791036 138.293443
361.000000 361.000000 307.000000 307.000000 129.975000 144.000000 144.000000 131.325000
358.005570 359.487398 305.293495 303.811668 123.572743 138.391019 140.084578 125.266302
353.000000 353.000000 305.000000 305.000000 120.181818 135.000000 135.000000 120.181818
349.797840 351.094490 304.182255 303.193744 116.828777 129.795275 132.140887 121.267263
344.004946 345.140764 303.054460 301.918642 113.933168 125.291347 126.694224 115.336045
342.625711 343.950184 302.582663 301.310186 111.818916 122.414695 124.848079 114.668263
339.996267 341.400386 302.101089 300.812556 105.866916 118.503985 120.075956 108.479163
295.000000 332.000000 332.000000 295.000000 105.266667 102.800000 115.666667 118.133333
793.988338 796.205729 676.443890 673.867050 309.661756 338.487835 353.885786 320.386870
734.000000 858.261062 858.261062 734.000000 347.631579 334.551467 364.379832 384.000000
741.933842 870.000000 870.000000 741.933842 347.955880 334.932203 367.707317 383.325141
745.000000 871.000000 871.000000 745.000000 350.627119 335.677966 367.569767 386.616279
743.395380 870.839863 872.048800 744.807334 349.381779 334.778766 366.211125 386.092604
874.867731 874.867731 745.000000 745.000000 335.518271 376.941650 390.292538 348.869159
873.307018 873.307018 747.000000 747.000000 335.002746 375.980638 389.160501 348.182609
745.130869 872.320234 868.897354 742.200786 349.060822 335.281975 376.356531 390.081992
873.425761 874.923178 744.355430 742.858012 335.193927 375.624199 389.652139 349.221866
872.208498 872.208498 744.000000 744.000000 336.215671 377.586041 389.652723 348.282353
744.000000 875.075209 875.075209 744.000000 350.245902 335.204484 372.488030 387.529447
873.721124 873.721124 744.000000 744.000000 334.964994 366.063744 386.123711 350.487179
746.143378 873.000000 873.000000 744.870933 349.073270 335.601770 369.630769 383.429284
745.202286 872.252340 869.055920 742.465849 348.060991 335.096700 373.453748 386.371103
745.000000 873.639264 873.639264 745.000000 348.696970 335.703105 377.499641 390.493506
744.272148 870.000000 870.000000 744.272148 347.831915 335.592920 377.879045 390.118039
872.000000 872.000000 744.301239 742.937108 334.193277 372.537953 386.488238 348.292585
747.481227 875.774562 871.467172 743.173838 347.656861 334.032790 371.363499 384.987570
745.128154 872.174446 870.871468 743.720348 348.610316 334.052928 364.021422 385.213275
742.096372 872.833532 874.486770 743.749610 346.991239 335.106043 373.130529 385.015725
742.433735 872.000000 872.000000 742.433735 347.830212 334.764706 372.164726 385.230232
872.806922 874.406738 744.000000 744.000000 334.494008 371.289795 385.016820 348.052632
745.124246 872.176722 870.875146 743.714964 348.711929 334.000590 363.936817 385.353269
868.839596 870.241277 743.000000 743.000000 335.087831 368.728179 381.948052 348.451327
741.320611 870.000000 870.000000 741.320611 349.459924 333.375000 368.526316 382.071515
744.788461 872.179046 870.914335 742.227423 348.854542 333.947133 363.035480 384.709066
745.139403 872.167897 870.603502 743.756290 348.317844 334.203567 370.184642 384.278777
745.147603 872.170395 870.596896 743.756433 348.104659 334.146110 370.336567 384.275080
873.719626 873.719626 744.000000 744.000000 334.031153 370.420042 384.833333 348.444444
743.000000 872.168090 870.845640 743.000000 348.239130 334.199121 364.615459 383.033898
744.115352 873.324650 870.171093 742.720628 347.829963 334.228984 372.071671 385.487510
743.354940 872.908250 871.608694 742.084887 350.361079 333.175436 363.065218 384.652519
743.000000 872.208562 870.894518 743.000000 350.408163 333.268252 363.491266 385.494624
872.974544 871.344252 743.000000 743.000000 333.628182 369.494608 381.315789 349.875000
741.590557 869.000000 869.000000 741.590557 346.819635 334.875000 368.354839 382.054779
744.151012 874.808121 873.416617 742.759508 348.016020 333.966869 370.145976 384.195128
746.444703 874.346797 868.469441 742.227041 347.973402 334.071000 370.804474 384.526474
743.463830 870.000000 870.000000 743.463830 348.762343 333.795699 370.894578 385.861222
743.602428 870.000000 870.000000 743.602428 348.732318 333.619565 370.010738 385.123491
743.782648 870.000000 870.000000 743.782648 348.914504 333.314607 369.802632 381.427914
741.578551 870.000000 870.000000 741.578551 349.302681 333.250000 370.987013 380.993879
875.750000 875.750000 744.000000 744.000000 334.184211 369.295455 381.272727 348.052632
741.254947 873.000000 873.000000 741.254947 347.451910 334.904762 373.169312 385.716460
741.425656 869.000000 869.000000 741.425656 349.140187 334.368421 368.937500 382.226494
743.791837 869.000000 869.000000 743.791837 349.078385 334.268817 368.842105 382.021912
743.000000 872.156754 870.866341 743.000000 347.977273 333.300369 364.270288 383.678571
743.000000 872.149370 870.871150 743.000000 347.988764 333.477599 364.154869 383.738739
875.117812 876.448183 743.257291 741.926920 334.688219 371.938614 385.257703 348.007308
744.211530 873.200141 871.534582 742.746709 347.651762 333.665045 370.307345 384.272295
743.434067 872.142585 870.453259 741.940416 347.656593 334.785742 373.640238 386.491522
743.678080 872.447516 868.957919 740.942185 348.399873 334.213409 372.598971 386.702400
745.190849 873.557931 872.113024 743.745942 347.980257 334.700904 372.268486 385.547840
743.000000 871.160000 869.696470 743.000000 348.991736 335.222479 370.347193 383.177215
980.072925 1031.156592 1029.278156 978.194490 94.889619 83.943119 121.511824 132.458324
744.200287 870.000000 870.000000 742.648859 347.536725 335.709402 377.452084 389.425268
744.058724 870.000000 870.000000 742.828242 350.358912 332.822785 368.073171 383.581922
870.000000 870.000000 743.207135 741.901741 335.425000 367.388350 385.853330 349.302311
743.000000 870.000000 870.000000 743.000000 349.075000 335.316667 370.038961 383.233766
743.000000 870.000000 870.000000 743.000000 349.075000 335.316667 375.224895 388.983228
870.156783 868.529019 743.000000 743.000000 335.299682 374.366023 387.965000 349.075000
743.000000 870.156783 868.525991 743.000000 349.075000 335.299682 374.438680 388.037329
743.000000 870.152249 868.510463 743.000000 349.183333 335.408506 374.811367 388.408333
875.000000 875.000000 749.000000 749.000000 335.301724 373.538739 385.487014 347.250000
806.042598 935.068985 933.829585 804.951689 368.590010 349.980435 387.162447 403.499082
315.000000 366.000000 366.000000 315.000000 156.000000 156.000000 171.483871 169.838710
352.000000 415.000000 415.000000 352.000000 177.228571 173.628571 189.263158 195.894737
454.628154 457.024415 384.175169 381.985866 191.902661 209.874619 211.012888 194.593116
475.019033 478.233148 399.920698 396.756752 201.204152 219.417469 223.146633 205.217602
488.013455 490.650408 407.651431 405.408102 209.958909 232.373008 230.713029 211.644733
508.777045 512.868044 424.139307 420.546198 218.956831 240.775493 243.021790 223.858545
523.956203 525.239082 434.107724 432.951065 225.652190 248.744023 251.022307 230.202447
544.900371 546.202570 453.294302 450.823046 236.028156 260.769936 263.092642 238.380089
562.906972 564.285381 468.000581 466.814907 243.242227 268.053582 271.062482 249.720343
488.735641 591.825769 592.987251 489.815261 260.069706 251.755986 279.631554 285.980599
603.623642 606.370120 502.007700 499.090931 257.625091 280.970152 289.386476 264.593938
610.124118 610.124118 506.000000 506.000000 257.476168 284.545269 291.191489 265.132353
608.000000 608.000000 505.190871 503.912561 259.548387 286.052632 293.267307 265.144486
608.000000 608.000000 505.161508 503.955216 258.322581 283.705882 292.779867 265.035147
608.000000 608.000000 506.045319 504.912037 258.873239 287.666667 291.065156 266.132955
608.000000 608.000000 506.171129 504.902923 258.421053 285.000000 292.832990 264.932447
607.756636 609.100236 506.110701 504.910630 259.057765 285.929772 292.503572 266.102012
608.000000 608.000000 505.179431 503.951103 258.437500 285.031746 293.192109 264.940556
506.000000 608.000000 608.000000 506.000000 266.183099 259.000000 287.363636 291.072727
608.000000 608.000000 506.136240 504.885947 258.086957 285.348485 293.065436 265.558989
506.000000 607.761844 608.920794 506.000000 265.191781 258.221791 286.036581 292.536842
506.117318 608.000000 608.000000 504.994587 264.350858 258.892857 287.305085 289.050939
608.000000 608.000000 505.000000 505.000000 259.928571 283.238095 293.047619 264.342857
609.058342 607.810688 506.000000 506.000000 257.784624 285.233009 291.663158 265.042254
607.868507 608.943248 507.000000 507.000000 258.781693 284.575482 291.857143 265.659091
607.497112 610.087187 509.002286 506.616423 258.577145 285.772934 291.388762 266.337198
505.178261 608.000000 608.000000 503.875639 265.010113 258.304348 284.742857 293.667802
608.000000 608.000000 505.162565 503.910212 258.304348 284.970149 292.644585 265.092812
608.000000 608.000000 506.094865 504.861936 258.304348 285.580645 292.155170 265.030743
607.883068 609.098655 506.119700 504.960013 258.359358 285.102262 291.818280 265.145494
608.000000 608.000000 505.204185 503.990188 257.013514 284.873239 293.560210 266.852280
608.000000 608.000000 505.163797 503.940754 258.177083 283.857143 292.671675 265.764737
506.000000 608.000000 608.000000 506.000000 265.076923 258.351648 285.516129 292.096774
506.000000 607.882242 609.171045 506.000000 265.133333 258.341184 286.694849 291.085106
608.000000 608.000000 505.163052 503.955216 258.322581 284.781250 292.815387 265.035147
608.000000 608.000000 505.000000 505.000000 258.195876 285.546392 291.917526 265.628866
505.000000 608.000000 608.000000 505.000000 265.086957 258.369565 283.575758 291.378788
506.135644 608.000000 608.000000 504.863425 264.947675 258.304348 285.352941 292.936513
607.000000 607.000000 505.999402 504.613208 257.941176 287.078431 289.058835 259.948761
505.000000 608.000000 608.000000 505.000000 266.782609 257.826087 283.923077 291.846154
608.000000 608.000000 505.000000 505.000000 258.258065 283.803030 291.606061 264.903226
505.000000 608.000000 608.000000 505.000000 264.891304 258.173913 283.692308 291.615385
608.000000 608.000000 505.184971 503.902923 258.357895 285.348485 293.137502 264.932447
505.408658 608.072691 606.908655 504.196705 264.941377 258.317891 286.254758 291.604338
608.000000 608.000000 506.160509 504.957589 258.369565 284.923077 292.756884 265.089722
608.000000 608.000000 505.185067 503.910212 258.304348 285.230769 293.139610 265.092812
608.000000 608.000000 505.202488 503.945920 259.375000 285.615385 293.522886 265.878380
608.000000 608.000000 505.202488 503.945385 259.294737 285.615385 293.522886 265.866607
608.978241 610.150947 505.181582 503.940254 258.188860 283.988389 292.062955 264.753734
608.000000 608.000000 505.167175 503.950619 258.357895 285.000000 292.910217 264.929435
608.000000 608.000000 505.167645 503.907256 258.239130 284.846154 292.756335 265.027788
608.000000 608.000000 505.170303 503.934147 258.031250 284.781250 292.814820 265.619385
505.000000 608.000000 608.000000 505.000000 265.208791 258.417582 283.617647 292.705882
609.068734 607.811557 506.000000 506.000000 257.555994 285.213885 292.715789 266.027397
504.856130 607.619219 610.091004 506.999117 266.395682 258.490829 286.916360 291.040035
606.698343 609.114706 507.005776 504.691828 258.545684 285.125686 291.932948 266.479524
608.000000 608.000000 505.163578 503.948247 258.357895 285.032258 291.666866 264.929584
608.000000 608.000000 506.084291 504.900060 258.357895 283.642857 290.922551 264.869470
608.000000 608.000000 505.138724 503.959178 257.500000 285.483871 292.120082 266.170068
505.000000 607.878343 609.071791 505.000000 265.191011 258.255393 284.511255 291.084211
506.140188 608.000000 608.000000 504.860842 265.121292 258.478261 285.391753 290.708204
504.062857 608.000000 608.000000 504.062857 265.126335 258.347826 285.000000 291.496071
608.000000 608.000000 505.000000 505.000000 258.439560 283.243243 291.594595 265.230769
505.000000 608.000000 608.000000 505.000000 265.266667 258.400000 283.424242 291.227273
607.883877 609.094456 505.168427 503.908892 258.377138 285.009876 291.608354 265.158116
609.120239 610.395842 505.129289 503.911583 258.277786 285.065443 290.786452 265.214621
505.000000 608.000000 608.000000 505.000000 265.208791 258.417582 284.250000 292.296875
608.000000 608.000000 505.000000 505.000000 258.351648 283.575758 291.378788 265.142857
608.000000 608.000000 505.164496 503.903196 258.322581 283.615385 291.525808 265.038503
608.000000 608.000000 505.160847 503.911583 258.351648 283.538462 291.449166 265.214621
608.000000 608.000000 505.142011 503.953136 257.416667 284.625000 291.053624 266.087239
608.000000 608.000000 505.157021 503.860449 258.417582 283.424242 291.215377 265.283926
608.000000 608.000000 505.146145 503.911988 258.434783 283.348485 291.140444 265.223131
608.000000 608.000000 505.000000 505.000000 258.351648 283.384615 291.307692 265.142857
608.000000 608.000000 505.000000 505.000000 258.413043 283.687500 290.125000 265.130435
608.000000 608.000000 506.000000 506.000000 258.439560 283.923077 291.769231 265.164835
503.501767 608.000000 608.000000 503.501767 265.720922 258.021053 284.846154 292.884479
608.000000 608.000000 504.000000 504.000000 258.347826 283.803030 291.681818 265.130435
505.000000 608.000000 608.000000 505.000000 264.935484 258.290323 285.142857 291.682540
608.000000 608.000000 505.000000 505.000000 258.888889 287.076923 289.057692 264.611111
608.000000 608.000000 505.146145 503.911583 258.351648 283.348485 291.140444 265.214621
607.882242 609.069627 506.141055 504.911168 258.341184 284.463641 291.033550 265.205922
608.000000 608.000000 505.000000 505.000000 257.237288 284.578947 291.084211 265.966102
502.997983 608.000000 608.000000 502.997983 265.274858 258.351648 284.578947 291.210654
608.000000 608.000000 505.190044 503.908892 258.369565 284.153846 292.062304 265.158116
608.000000 608.000000 505.143038 503.951598 257.237288 284.578947 291.075177 266.054949
505.000000 608.000000 608.000000 505.000000 265.086957 258.369565 283.384615 291.307692
608.984634 607.869334 505.000000 505.000000 258.418596 284.070505 291.863636 265.274725
505.000000 607.761081 608.966048 505.000000 266.266667 256.675632 283.184905 292.636364
608.000000 608.000000 505.143038 503.949178 257.567568 284.578947 291.075177 266.004121
506.136708 608.000000 608.000000 504.799327 265.190886 258.400000 284.000000 291.938513
506.136708 608.000000 608.000000 504.799327 265.190886 258.400000 284.000000 291.938513
502.997983 608.000000 608.000000 502.997983 266.189829 257.137931 284.578947 291.210654
503.477055 608.000000 608.000000 503.477055 266.179911 257.322034 284.578947 291.180397
608.000000 608.000000 505.000000 505.000000 258.086957 285.115385 291.057692 265.550725
504.000000 608.000000 608.000000 504.000000 265.217391 258.434783 284.076923 292.076923
505.329923 608.000000 608.000000 504.102120 265.000222 258.304348 285.315789 290.784099
503.007042 608.000000 608.000000 503.007042 265.274261 258.351648 284.076923 292.153304
608.000000 608.000000 504.000000 504.000000 258.285714 283.686567 291.447761 265.142857
502.245690 608.000000 608.000000 502.245690 265.324460 258.351648 283.611940 291.504053
607.895211 609.118244 506.142093 504.875238 258.728044 284.411726 291.055349 264.451376
607.893436 609.117531 505.141055 503.872341 258.690771 284.396753 291.033550 264.390557
607.890299 609.071791 505.143038 503.887509 258.518435 284.511255 291.075177 264.709077
608.000000 608.000000 505.143038 503.955678 257.589041 284.578947 291.075177 266.140629
505.000000 608.000000 608.000000 505.000000 265.920000 257.680000 284.136364 291.939394
607.899444 609.002168 505.179934 503.924102 258.622015 283.984684 291.850005 265.477532
506.000000 608.000000 608.000000 506.000000 265.021739 258.369565 284.000000 291.846154
608.000000 608.000000 504.000000 504.000000 258.434783 283.984848 291.863636 265.217391
505.177692 608.000000 608.000000 503.941789 265.197075 258.417582 284.578947 291.151045
505.389915 608.000000 608.000000 504.089165 265.126745 258.434783 284.578947 291.141737
608.000000 608.000000 505.186394 503.915084 258.500000 284.076923 291.985662 265.288147
607.899444 609.006158 505.000000 505.000000 258.622015 284.076449 292.076923 265.406593
505.000000 608.000000 608.000000 505.000000 265.142857 258.351648 284.250000 292.296875
608.000000 608.000000 505.000000 505.000000 258.351648 284.190476 292.365079 265.142857
608.000000 608.000000 505.168427 503.905796 258.304348 285.079365 291.608354 265.093100
506.182468 608.000000 608.000000 504.858258 264.275689 258.681319 285.443299 290.759884
608.000000 608.000000 505.000000 505.000000 257.540541 283.651515 291.454545 265.891892
506.142877 608.000000 608.000000 504.860842 265.067503 258.351648 285.391753 290.708204
505.000000 608.000000 608.000000 505.000000 265.142857 258.351648 285.107692 291.446154
608.000000 608.000000 504.000000 504.000000 258.351648 285.046154 291.446154 265.208791
504.867510 608.000000 608.000000 504.867510 265.944863 258.097826 285.302083 290.673567
504.860128 607.000000 607.000000 504.860128 265.267857 258.382022 285.354167 290.673952
607.897658 609.056466 505.130930 503.867136 258.580950 285.233523 290.820918 264.281253
503.521673 608.000000 608.000000 503.521673 265.719456 258.021053 285.079365 291.712910
503.084605 608.000000 608.000000 503.084605 265.327693 258.333333 283.348485 291.296621
608.074716 606.921098 505.000000 505.000000 258.346722 284.879931 291.250000 265.142857
503.288022 608.000000 608.000000 503.288022 265.159403 257.361702 283.352941 291.052351
504.000000 608.998652 607.873598 504.000000 264.831579 257.094836 284.096116 291.623188
608.000000 608.000000 506.000000 506.000000 258.246656 287.096154 289.057692 260.208194
506.161048 608.000000 608.000000 504.993848 264.546608 258.888889 287.076923 289.057811
608.000000 608.000000 507.000000 507.000000 259.430769 284.304348 290.891304 265.646154
607.330321 610.899794 506.999216 503.595787 257.885419 284.061552 290.912140 265.953661
506.142877 608.000000 608.000000 504.860842 265.067503 258.351648 285.391753 290.708204
505.000000 608.000000 608.000000 505.000000 265.266667 258.400000 283.243243 291.594595
503.715134 608.000000 608.000000 503.715134 265.279448 258.478261 281.911765 291.113371
503.727754 608.000000 608.000000 503.727754 264.681275 257.651685 285.326316 291.911931
607.000000 607.000000 504.000000 504.000000 258.373626 284.153846 292.076923 265.164835
505.422343 608.000000 608.000000 504.171381 265.059412 258.369565 284.907216 291.329605
608.000000 608.000000 505.000000 505.000000 258.373626 285.032258 291.677419 265.164835
503.139104 608.000000 608.000000 503.139104 265.673961 257.947368 284.967742 291.732961
501.853392 608.000000 608.000000 501.853392 265.842382 258.021053 284.212121 292.253531
503.659542 608.000000 608.000000 503.659542 265.422697 258.466667 283.727273 291.631853
503.023422 608.000000 608.000000 503.023422 265.273181 258.351648 285.329787 290.913648
608.000000 608.000000 505.168717 503.908892 258.369565 285.187500 291.614455 265.158116
607.893727 608.983127 505.159086 503.917842 258.490524 283.546733 291.412190 265.346076
505.000000 607.895890 608.979844 505.000000 265.400000 258.540274 283.471224 291.348485
608.000000 608.000000 505.000000 505.000000 258.439560 284.153846 292.076923 265.230769
607.886056 609.071791 505.000000 505.000000 258.425095 284.511255 291.084211 265.208791
506.140931 608.000000 608.000000 504.912145 264.969070 258.326087 283.581395 290.773571
607.895751 609.062302 507.000000 507.000000 257.638367 283.302489 293.382716 265.315217
501.833820 607.885263 609.071791 503.003482 265.477745 258.407649 284.511255 291.210306
501.866667 608.000000 608.000000 501.866667 265.767719 257.947368 284.000000 292.164103
607.890109 609.046873 505.000000 505.000000 258.407326 285.012897 291.619048 265.266667
502.845538 607.896585 609.027217 503.960527 265.482712 258.556269 284.560799 291.127467
609.951946 609.951946 505.000000 505.000000 258.354817 284.940503 291.500000 265.274725
506.133364 608.113308 606.951071 504.817557 265.257776 258.459113 285.190558 291.573903
608.000000 608.000000 505.000000 505.000000 258.373626 283.615385 291.538462 265.164835
608.000000 608.000000 505.000000 505.000000 258.373626 283.621212 291.424242 265.164835
505.000000 608.000000 608.000000 505.000000 265.200000 258.333333 284.076923 292.000000
608.091942 606.908804 506.000000 506.000000 257.950526 285.162695 290.473684 264.608696
607.000000 607.000000 504.000000 504.000000 257.053191 281.735294 290.823529 264.723404
608.917821 610.012069 505.098801 503.966226 257.425540 281.498994 290.241767 265.325123
504.890244 607.000000 607.000000 504.890244 265.456837 258.573034 283.461538 291.316135
505.076208 607.000000 607.000000 503.842352 265.328253 258.533333 283.424242 291.239216
607.000000 607.000000 505.186394 503.911583 258.417582 284.153846 291.985662 265.214621
505.000000 608.000000 608.000000 505.000000 265.021739 258.304348 283.230769 291.153846
608.000000 608.000000 505.171795 503.907860 258.347826 283.769231 291.679093 265.136444
501.910755 608.000000 608.000000 501.910755 265.690786 257.873684 285.079365 291.815190
504.864761 607.000000 607.000000 504.864761 265.142349 258.333333 285.406250 290.725794
609.016267 607.895349 507.000000 507.000000 257.691056 283.472159 290.577465 265.538462
607.000000 607.000000 505.000000 505.000000 258.063158 282.583333 291.083333 265.578947
502.840426 608.000000 608.000000 502.840426 264.917021 257.168421 282.391304 293.059667
608.000000 608.000000 505.000000 505.000000 258.351648 284.000000 291.923077 265.142857
608.000000 608.000000 506.000000 506.000000 257.926471 283.424242 291.151515 265.426471
605.910626 606.986942 505.133485 503.936321 258.792542 284.624135 292.004820 265.667214
608.000000 608.000000 505.167604 503.848354 258.322581 285.000000 291.427025 265.042042
606.000000 606.000000 506.114045 504.960509 257.384615 285.173913 291.688214 265.156884
607.000000 607.000000 506.107663 504.967500 257.554348 285.032258 291.541441 265.317690
607.705598 610.086616 507.008054 504.648894 257.484185 284.865890 292.541953 265.411624
502.182036 605.890719 606.981459 503.300205 266.312236 258.421358 283.508373 292.030120
608.000000 608.000000 505.229374 503.938283 258.187500 283.545455 292.888239 265.775334
608.000000 608.000000 505.000000 505.000000 257.606557 284.578947 291.084211 266.049180
607.913435 608.982729 507.000000 507.000000 257.775890 284.508258 291.690141 265.538462
507.000000 607.910495 609.024189 507.000000 265.467391 257.789419 284.518065 292.680000
507.000000 610.240310 610.240310 507.000000 265.307692 257.366130 283.071619 290.776119
607.777676 608.864186 507.000000 507.000000 257.601756 283.677985 292.166667 265.528090
608.000000 608.000000 505.159815 503.905796 258.304348 285.000000 291.427512 265.093100
608.000000 608.000000 505.000000 505.000000 258.369565 283.545455 291.348485 265.086957
608.000000 608.000000 506.160210 504.934175 258.094737 283.835821 291.435805 265.689061
608.000000 608.000000 505.159906 503.928891 257.989583 283.867647 291.429419 265.578102
503.818523 607.000000 607.000000 503.818523 264.885855 257.202128 282.000000 290.844127
504.894942 608.000000 608.000000 504.894942 265.149784 258.351648 283.765957 290.347131
607.885263 609.106890 505.000000 505.000000 258.407649 285.283426 292.000000 265.266667
505.000000 608.000000 608.000000 505.000000 265.778947 259.273684 286.103448 293.206897
608.000000 608.000000 506.199776 504.907812 259.532609 285.122807 292.266682 265.135445
608.000000 608.000000 506.163052 504.945143 258.294737 284.859375 292.815387 264.803465
608.000000 608.000000 506.169769 504.956410 258.880000 283.850746 292.969871 265.062615
507.000000 608.896803 610.017277 507.000000 265.222222 259.561289 285.332182 292.200000
613.000000 613.000000 509.000000 509.000000 260.281250 285.513158 295.092105 265.697917
631.855730 635.321418 528.783588 525.484600 266.676685 294.402192 300.455478 274.063569
553.254683 665.000000 665.000000 552.056277 286.077102 274.517241 307.149425 313.640444
611.630370 732.000000 732.000000 611.630370 310.840107 302.921053 333.842593 341.644328
790.912568 792.176809 666.128779 664.955997 322.031669 354.901933 365.405935 334.913591
767.570005 899.750981 897.447348 765.025942 383.631596 370.302422 403.705099 420.520515
870.095286 1005.504809 1004.225681 868.858211 438.903980 417.987062 458.919179 478.490379
1101.785663 1241.389534 1244.099020 1104.459963 582.546082 525.138883 568.490664 625.334882
