1280 960 multy_mini 30 
1233.000000 1233.000000 1190.000000 1190.000000 242.771930 259.633333 261.066667 244.205263
1119.019935 1121.184776 1072.955096 1071.129370 214.950733 230.104619 228.898877 216.118796
255.000000 295.000000 295.000000 255.000000 115.266667 113.933333 123.466667 126.133333
309.985112 310.967864 265.318555 264.222809 116.801489 126.629017 132.335181 121.377719
335.000000 335.000000 288.000000 288.000000 122.714286 135.411765 138.176471 127.190476
356.816098 358.103280 301.987629 300.912204 129.840996 144.000000 144.000000 132.170325
413.718565 415.886706 350.403992 348.193523 146.690120 162.951173 168.729060 152.150540
455.784616 457.195140 383.060975 382.070872 160.084794 178.421602 181.069251 165.227614
484.890619 486.003177 405.161714 404.062082 167.156250 184.957176 191.837301 173.143549
441.000000 529.000000 529.000000 441.000000 185.117647 179.941176 198.945455 205.345455
555.721530 559.944506 465.298394 461.211620 185.494857 206.609734 214.789028 194.355161
585.582259 588.010358 489.945313 486.575665 192.672966 216.953957 222.525834 200.061518
601.000000 601.000000 501.104213 499.914081 196.942029 220.666667 229.259853 204.267096
613.997875 616.966209 513.468331 510.278824 202.028319 224.785547 233.785363 209.332477
614.280502 616.268249 512.328262 510.192453 201.908536 224.767626 233.905208 209.343396
608.030186 612.395324 509.632540 504.627135 201.654132 225.662391 232.749480 205.219754
588.682304 590.715708 491.277030 489.016620 194.521661 215.872396 225.051351 201.317049
480.000000 574.093671 574.093671 480.000000 196.454545 192.177560 212.610127 221.571429
456.000000 548.000000 548.000000 456.000000 191.190476 182.428571 201.787879 211.545455
525.853134 529.256562 439.065328 435.705045 179.277704 199.698271 204.640256 184.478555
411.436975 494.000000 494.000000 411.436975 177.524814 169.735849 188.473684 197.164529
470.936081 472.166760 391.002424 389.689927 166.941331 185.401511 189.090799 169.403336
439.861624 441.058946 363.623704 361.378356 160.824472 178.784306 183.477351 164.391893
351.000000 422.000000 422.000000 351.000000 163.160000 157.480000 175.843750 178.062500
329.883489 399.839593 401.148089 330.998662 154.417035 149.647300 167.966233 170.029451
386.996667 388.227424 320.420928 319.437640 146.769402 164.000000 164.000000 150.233967
309.965665 373.000000 373.000000 309.965665 143.268956 139.066667 154.111111 157.613019
365.866526 367.316873 308.289339 307.148355 135.395708 151.349525 155.157753 139.183977
361.000000 361.000000 308.000000 308.000000 130.000000 144.000000 144.000000 132.409091
305.000000 358.000000 358.000000 305.000000 125.571078 127.129902 140.441176 138.882353
353.084081 356.547824 306.294173 302.817558 120.876240 133.576631 135.147057 122.399468
349.786813 351.773015 304.504845 302.558838 116.621319 127.545427 132.047158 121.344116
344.004946 345.123811 303.037507 301.918642 113.933168 125.121816 126.524693 115.336045
341.914102 344.336753 302.533139 300.249866 111.784141 122.686073 125.145109 114.870380
339.996267 341.400386 302.101089 300.812556 105.866916 118.503985 120.075956 108.479163
294.000000 332.000000 332.000000 294.000000 105.208333 102.675000 115.600000 118.133333
797.000000 797.000000 675.917911 674.767218 309.520408 340.584906 352.007744 323.240414
730.529025 856.833994 858.322318 732.017349 347.470097 334.953388 370.673159 383.189868
745.405827 872.420102 869.399917 741.489796 348.922249 334.368530 372.120843 386.777211
745.000000 871.000000 871.000000 745.000000 350.627119 335.677966 367.569767 386.616279
746.106889 874.993556 872.134352 743.247685 350.396553 333.872621 373.901467 390.425399
746.102461 873.555520 870.713213 743.260154 349.458534 334.464056 374.256355 389.250832
746.102461 873.555520 870.714866 743.261807 349.458534 334.464056 374.233217 389.227694
743.188723 873.000000 873.000000 743.188723 350.154268 334.882353 375.438909 390.710824
745.000000 873.435602 873.435602 745.000000 348.991736 335.192869 369.989420 383.275862
875.884834 877.067650 747.218617 745.832315 334.267901 365.021120 385.741710 349.697861
747.000000 873.318951 873.318951 747.000000 349.769231 334.654143 373.609740 388.724828
745.028307 873.550888 870.682243 742.159662 349.496698 334.502396 374.663426 389.657727
746.248974 873.575868 868.827581 743.333014 349.527892 335.380459 374.949518 388.893358
745.000000 873.000000 873.000000 745.000000 350.455446 333.980198 365.166667 386.500000
745.000000 873.632603 873.632603 745.000000 350.789474 334.992487 366.345800 385.134831
747.157055 876.103305 874.929265 745.779848 348.703985 334.127452 365.826522 385.888567
746.206069 872.515772 869.331838 744.894220 345.972285 334.935515 373.142724 384.015914
871.837455 873.374808 744.000000 744.000000 335.036452 371.932913 384.189474 347.147368
741.193514 870.000000 870.000000 741.193514 349.357011 335.285714 375.547245 389.618542
741.534308 870.000000 870.000000 741.534308 349.319781 335.285714 369.796875 383.847810
741.494393 870.000000 870.000000 741.494393 349.324142 335.285714 370.038961 383.390193
743.000000 870.000000 870.000000 743.000000 349.075000 335.316667 374.066667 387.825000
749.000000 873.850427 875.151447 749.000000 347.394737 335.347766 366.572254 384.855072
802.665995 933.873015 935.122795 803.980857 368.916751 352.515873 386.259921 404.418035
414.081545 414.081545 353.000000 353.000000 174.000000 175.126402 177.096774 174.000000
439.968265 442.233394 371.400486 369.135357 183.327795 201.448833 206.390664 188.269626
453.992578 457.601825 384.498416 380.972457 192.316180 210.362414 213.789137 196.159344
474.993643 476.247617 400.223655 399.064077 201.109110 219.918715 223.454714 206.061038
488.746157 492.016342 407.714850 404.278390 208.901923 228.523031 232.537388 211.918629
506.935688 510.908932 423.971239 419.997994 218.062809 241.902277 244.075719 220.236251
430.762851 522.735928 524.086106 432.005697 230.698063 222.903735 248.557118 254.312144
545.000000 545.000000 453.112110 452.056279 238.474576 259.870968 264.317156 243.200528
565.000000 565.000000 468.129031 466.976331 242.066667 267.184615 271.655583 248.601578
592.872972 591.883877 491.000000 491.000000 254.986832 277.736007 283.189189 261.489362
604.841192 606.189924 501.119712 499.887943 256.903754 282.529673 290.701800 263.602897
608.000000 608.000000 506.073290 504.889315 257.114583 282.686275 290.680526 264.633071
608.000000 608.000000 506.110701 504.908208 258.788732 286.000000 292.503572 266.048718
608.000000 608.000000 506.175876 504.910654 258.451613 284.725806 292.937429 265.102538
608.000000 608.000000 505.000000 505.000000 259.000000 286.221053 292.726316 266.152778
608.000000 608.000000 505.170509 503.953358 258.421053 285.076923 292.986884 264.992419
608.000000 608.000000 506.161325 504.960810 258.516129 285.060606 292.775657 265.163819
504.784653 608.000000 608.000000 504.784653 264.623075 258.888889 283.243243 291.612055
504.774319 608.000000 608.000000 504.774319 265.215045 258.333333 283.243243 291.612893
506.130019 608.115569 606.953986 504.799327 265.324665 258.525629 284.080463 291.938513
507.130322 608.036505 606.808197 504.744479 265.371104 258.265035 285.287817 292.808302
607.883337 609.094692 505.159602 503.948247 259.365263 286.015072 292.579394 265.929584
502.742108 607.886056 609.114950 503.960973 265.357663 258.425095 285.460748 292.172704
608.000000 608.000000 506.115984 504.956096 258.547368 286.195652 291.732827 265.055404
608.000000 608.000000 506.122559 504.934792 258.195876 286.458333 291.764450 265.633572
608.190723 611.617024 509.294189 507.108356 258.600714 284.869024 291.513364 266.376280
612.000000 612.000000 510.137332 508.912822 260.426966 285.638298 293.223816 265.060098
631.997486 635.577232 529.544361 525.947514 266.963149 293.214617 301.195586 274.818703
550.613108 663.000000 663.000000 550.613108 285.023687 278.142857 305.750000 315.583853
614.919992 735.972407 731.290691 611.586802 310.586487 302.407270 334.008855 341.696260
664.762709 789.062705 786.329141 662.246755 334.346333 324.446333 354.515533 365.795750
766.234680 895.000000 895.000000 765.027642 383.676532 370.800000 404.049180 421.094736
867.555137 1003.000000 1003.000000 867.555137 437.417024 418.483871 457.539683 479.038867
1103.815192 1243.000000 1243.000000 1103.815192 577.246354 528.051724 573.481481 621.594748
